option,troncon
0,0
1,1
2,2
3,3
4,4
5,9
6,10
7,11
8,12
9,13
10,14
11,15
12,18
13,19
14,20
15,21
16,22
17,25
18,26
19,27
20,28
21,29
22,31
23,32
24,33
25,34
26,35
27,37
28,38
29,39
30,40
31,41
32,42
33,43
34,44
35,45
36,46
37,47
38,48
39,49
40,50
41,51
42,52
43,53
44,54
45,55
46,56
47,57
48,58
49,59
50,60
51,61
52,62
53,63
54,64
55,65
56,66
57,67
58,68
59,69
60,70
61,71
62,72
63,73
64,74
65,75
66,76
67,77
68,84
69,85
70,86
71,87
72,88
73,89
74,90
75,91
76,92
77,93
78,94
79,95
80,96
81,97
82,98
83,99
84,100
85,101
86,102
87,103
88,104
89,105
90,106
91,107
92,108
93,110
94,111
95,112
96,113
97,114
98,115
99,116
100,117
101,118
102,120
103,121
104,122
105,123
106,124
107,125
108,126
109,128
110,129
111,130
112,131
113,132
114,133
115,134
116,135
117,136
118,137
119,138
120,139
121,140
122,141
123,142
124,143
125,144
126,145
127,146
128,147
129,148
130,149
131,150
132,151
133,152
134,153
135,154
136,155
137,156
138,157
139,158
140,159
141,160
142,161
143,162
144,163
145,164
146,165
147,166
148,167
149,168
150,169
151,170
152,171
153,172
154,173
155,174
156,175
157,177
158,178
159,179
160,180
161,181
162,182
163,183
164,184
165,185
166,186
167,187
168,188
169,189
170,190
171,191
172,192
173,193
174,194
175,197
176,199
177,200
178,201
179,202
180,203
181,204
182,205
183,206
184,207
185,208
186,209
187,210
188,211
189,212
190,213
191,214
192,215
193,216
194,217
195,218
196,219
197,220
198,221
199,222
200,223
201,224
202,225
203,226
204,227
205,228
206,229
207,230
208,231
209,232
210,233
211,234
212,235
213,236
214,237
215,238
216,239
217,240
218,257
219,260
220,268
221,271
222,272
223,273
224,274
225,275
226,276
227,277
228,278
229,279
230,280
231,281
232,282
233,283
234,284
235,285
236,286
237,287
238,288
239,289
240,290
241,291
242,292
243,293
244,294
245,295
246,296
247,297
248,298
249,299
250,300
251,301
252,302
253,303
254,304
255,305
256,306
257,307
258,308
259,309
260,310
261,311
262,312
263,313
264,314
265,315
266,316
267,317
268,318
269,319
270,320
271,321
272,322
273,323
274,324
275,325
276,326
277,327
278,328
279,329
280,330
281,331
282,332
283,333
284,334
285,335
286,336
287,337
288,338
289,339
290,340
291,341
292,342
293,343
294,344
295,345
296,346
297,347
298,348
299,349
300,350
301,351
302,352
303,353
304,354
305,355
306,356
307,357
308,358
309,359
310,360
311,361
312,362
313,363
314,364
315,365
316,366
317,367
318,368
319,369
320,370
321,371
322,372
323,373
324,374
325,375
326,376
327,377
328,378
329,379
330,380
331,381
332,382
333,383
334,384
335,385
336,386
337,387
338,388
339,389
340,390
341,391
342,392
343,393
344,394
345,395
346,396
347,397
348,398
349,399
350,402
351,403
352,404
353,405
354,406
355,407
356,408
357,409
358,410
359,411
360,412
361,413
362,414
363,415
364,416
365,417
366,418
367,419
368,420
369,421
370,422
371,423
372,424
373,425
374,426
375,427
376,428
377,429
378,430
379,431
380,432
381,435
382,436
383,437
384,438
385,439
386,440
387,441
388,442
389,443
390,444
391,445
392,446
393,447
394,448
395,449
396,450
397,451
398,452
399,453
400,454
401,455
402,456
403,457
404,458
405,461
406,462
407,463
408,464
409,465
410,466
411,467
412,469
413,470
414,471
415,472
416,473
417,474
418,475
419,476
420,477
421,478
422,479
423,480
424,481
425,482
426,483
427,484
428,485
429,486
430,487
431,488
432,489
433,490
434,491
435,492
436,493
437,494
438,495
439,496
440,497
441,498
442,499
443,500
444,501
445,502
446,503
447,504
448,505
449,506
450,507
451,508
452,509
453,510
454,511
455,512
456,513
457,514
458,515
459,516
460,517
461,518
462,519
463,520
464,521
465,522
466,523
467,524
468,525
469,526
470,527
471,528
472,529
473,530
474,531
475,532
476,533
477,534
478,535
479,536
480,537
481,538
482,539
483,540
484,541
485,542
486,543
487,544
488,545
489,546
490,547
491,548
492,549
493,550
494,551
495,552
496,553
497,554
498,555
499,556
500,557
501,558
502,559
503,560
504,561
505,562
506,563
507,564
508,565
509,566
510,567
511,568
512,569
513,570
514,571
515,572
516,573
517,574
518,575
519,576
520,577
521,578
522,579
523,580
524,581
525,582
526,583
527,584
528,585
529,586
530,587
531,588
532,589
533,590
534,591
535,592
536,593
537,594
538,595
539,596
540,597
541,598
542,599
543,600
544,601
545,602
546,603
547,604
548,605
549,606
550,607
551,608
552,609
553,610
554,611
555,612
556,613
557,614
558,615
559,616
560,617
561,618
562,619
563,620
564,621
565,622
566,623
567,624
568,625
569,626
570,627
571,628
572,629
573,630
574,631
575,632
576,633
577,634
578,635
579,636
580,637
581,638
582,639
583,640
584,641
585,642
586,643
587,644
588,645
589,646
590,647
591,648
592,649
593,650
594,651
595,652
596,653
597,654
598,655
599,656
600,657
601,658
602,659
603,660
604,661
605,662
606,663
607,664
608,665
609,666
610,667
611,668
612,669
613,670
614,671
615,672
616,673
617,674
618,675
619,676
620,677
621,678
622,679
623,680
624,681
625,682
626,683
627,684
628,685
629,686
630,687
631,688
632,689
633,690
634,691
635,692
636,693
637,694
638,695
639,696
640,697
641,711
642,712
643,713
644,714
645,715
646,717
647,718
648,719
649,720
650,721
651,722
652,723
653,724
654,725
655,726
656,727
657,728
658,729
659,730
660,731
661,732
662,733
663,734
664,735
665,736
666,737
667,738
668,739
669,740
670,741
671,742
672,743
673,744
674,745
675,746
676,747
677,748
678,749
679,750
680,751
681,752
682,753
683,754
684,755
685,756
686,757
687,758
688,759
689,760
690,761
691,762
692,763
693,764
694,765
695,766
696,767
697,768
698,769
699,770
700,771
701,772
702,773
703,774
704,775
705,776
706,777
707,778
708,779
709,780
710,781
711,782
712,783
713,784
714,785
715,786
716,787
717,788
718,789
719,790
720,791
721,792
722,793
723,794
724,795
725,796
726,797
727,798
728,799
729,800
730,801
731,802
732,803
733,804
734,805
735,806
736,807
737,808
738,809
739,810
740,811
741,812
742,813
743,814
744,815
745,816
746,817
747,818
748,819
749,820
750,821
751,822
752,823
753,824
754,825
755,826
756,827
757,828
758,829
759,830
760,831
761,832
762,833
763,834
764,835
765,836
766,837
767,838
768,839
769,840
770,841
771,842
772,843
773,844
774,845
775,846
776,847
777,848
778,849
779,850
780,851
781,852
782,853
783,854
784,855
785,856
786,857
787,858
788,859
789,860
790,861
791,862
792,863
793,864
794,865
795,866
796,867
797,868
798,869
799,870
800,871
801,872
802,873
803,874
804,875
805,876
806,877
807,878
808,879
809,880
810,881
811,882
812,883
813,884
814,885
815,886
816,887
817,888
818,889
819,890
820,891
821,892
822,893
823,894
824,895
825,896
826,897
827,898
828,899
829,900
830,901
831,902
832,903
833,904
834,905
835,906
836,907
837,908
838,909
839,910
840,911
841,912
842,913
843,914
844,915
845,916
846,917
847,918
848,919
849,920
850,921
851,922
852,923
853,924
854,925
855,926
856,927
857,928
858,929
859,930
860,931
861,932
862,933
863,934
864,935
865,936
866,937
867,938
868,939
869,940
870,941
871,942
872,943
873,944
874,945
875,946
876,947
877,948
878,949
879,950
880,951
881,952
882,953
883,954
884,955
885,956
886,957
887,958
888,959
889,960
890,961
891,962
892,963
893,964
894,965
895,966
896,967
897,968
898,969
899,970
900,971
901,972
902,973
903,974
904,975
905,976
906,977
907,978
908,979
909,980
910,981
911,982
912,983
913,984
914,985
915,986
916,987
917,988
918,989
919,990
920,991
921,992
922,993
923,994
924,995
925,996
926,997
927,998
928,999
929,1000
930,1001
931,1002
932,1003
933,1004
934,1005
935,1006
936,1007
937,1008
938,1009
939,1010
940,1011
941,1012
942,1013
943,1014
944,1015
945,1016
946,1017
947,1018
948,1019
949,1020
950,1021
951,1022
952,1023
953,1024
954,1025
955,1026
956,1027
957,1028
958,1029
959,1030
960,1031
961,1032
962,1033
963,1034
964,1035
965,1036
966,1037
967,1038
968,1039
969,1040
970,1041
971,1042
972,1044
973,1045
974,1046
975,1047
976,1048
977,1049
978,1050
979,1051
980,1052
981,1053
982,1054
983,1055
984,1056
985,1057
986,1058
987,1059
988,1060
989,1061
990,1062
991,1063
992,1064
993,1065
994,1066
995,1067
996,1068
997,1069
998,1071
999,1072
1000,1073
1001,1074
1002,1075
1003,1076
1004,1077
1005,1078
1006,1079
1007,1080
1008,1081
1009,1082
1010,1083
1011,1084
1012,1085
1013,1086
1014,1087
1015,1088
1016,1089
1017,1092
1018,1093
1019,1094
1020,1095
1021,1096
1022,1097
1023,1098
1024,1099
1025,1100
1026,1101
1027,1102
1028,1103
1029,1104
1030,1105
1031,1106
1032,1108
1033,1111
1034,1112
1035,1113
1036,1114
1037,1116
1038,1117
1039,1118
1040,1119
1041,1120
1042,1121
1043,1122
1044,1123
1045,1124
1046,1125
1047,1126
1048,1127
1049,1128
1050,1129
1051,1130
1052,1131
1053,1132
1054,1133
1055,1134
1056,1135
1057,1136
1058,1137
1059,1138
1060,1139
1061,1140
1062,1141
1063,1142
1064,1143
1065,1144
1066,1145
1067,1146
1068,1147
1069,1148
1070,1149
1071,1150
1072,1151
1073,1152
1074,1153
1075,1154
1076,1155
1077,1156
1078,1157
1079,1158
1080,1159
1081,1160
1082,1161
1083,1162
1084,1163
1085,1164
1086,1165
1087,1166
1088,1167
1089,1168
1090,1169
1091,1170
1092,1173
1093,1174
1094,1175
1095,1176
1096,1180
1097,1181
1098,1182
1099,1183
1100,1184
1101,1185
1102,1186
1103,1187
1104,1188
1105,1189
1106,1190
1107,1191
1108,1192
1109,1193
1110,1194
1111,1195
1112,1196
1113,1197
1114,1198
1115,1199
1116,1200
1117,1201
1118,1202
1119,1203
1120,1204
1121,1205
1122,1206
1123,1207
1124,1208
1125,1209
1126,1210
1127,1211
1128,1212
1129,1213
1130,1214
1131,1215
1132,1216
1133,1217
1134,1218
1135,1219
1136,1220
1137,1221
1138,1222
1139,1225
1140,1229
1141,1230
1142,1231
1143,1232
1144,1233
1145,1234
1146,1235
1147,1236
1148,1237
1149,1238
1150,1239
1151,1240
1152,1243
1153,1244
1154,1245
1155,1246
1156,1247
1157,1248
1158,1249
1159,1250
1160,1251
1161,1252
1162,1253
1163,1254
1164,1255
1165,1256
1166,1258
1167,1259
1168,1260
1169,1261
1170,1262
1171,1263
1172,1264
1173,1265
1174,1266
1175,1267
1176,1268
1177,1269
1178,1270
1179,1271
1180,1272
1181,1273
1182,1277
1183,1278
1184,1279
1185,1281
1186,1282
1187,1283
1188,1285
1189,1286
1190,1287
1191,1289
1192,1290
1193,1291
1194,1292
1195,1293
1196,1294
1197,1295
1198,1296
1199,1297
1200,1298
1201,1299
1202,1300
1203,1302
1204,1303
1205,1304
1206,1305
1207,1307
1208,1308
1209,1309
1210,1310
1211,1311
1212,1313
1213,1314
1214,1315
1215,1316
1216,1317
1217,1318
1218,1319
1219,1320
1220,1321
1221,1322
1222,1325
1223,1328
1224,1329
1225,1330
1226,1331
1227,1332
1228,1333
1229,1334
1230,1335
1231,1336
1232,1337
1233,1338
1234,1339
1235,1341
1236,1342
1237,1343
1238,1344
1239,1345
1240,1346
1241,1347
1242,1348
1243,1349
1244,1350
1245,1351
1246,1352
1247,1353
1248,1354
1249,1355
1250,1356
1251,1357
1252,1358
1253,1359
1254,1360
1255,1361
1256,1362
1257,1363
1258,1364
1259,1365
1260,1368
1261,1369
1262,1372
1263,1373
1264,1376
1265,1377
1266,1378
1267,1379
1268,1380
1269,1381
1270,1382
1271,1383
1272,1384
1273,1385
1274,1386
1275,1387
1276,1388
1277,1389
1278,1390
1279,1391
1280,1392
1281,1393
1282,1394
1283,1395
1284,1397
1285,1399
1286,1400
1287,1401
1288,1402
1289,1403
1290,1404
1291,1405
1292,1406
1293,1407
1294,1408
1295,1409
1296,1410
1297,1411
1298,1412
1299,1413
1300,1414
1301,1416
1302,1417
1303,1418
1304,1419
1305,1420
1306,1421
1307,1422
1308,1423
1309,1424
1310,1425
1311,1426
1312,1427
1313,1428
1314,1429
1315,1430
1316,1431
1317,1432
1318,1433
1319,1434
1320,1437
1321,1438
1322,1444
1323,1446
1324,1447
1325,1448
1326,1449
1327,1450
1328,1451
1329,1452
1330,1453
1331,1454
1332,1455
1333,1456
1334,1457
1335,1458
1336,1459
1337,1460
1338,1461
1339,1462
1340,1463
1341,1464
1342,1465
1343,1466
1344,1467
1345,1468
1346,1469
1347,1470
1348,1471
1349,1472
1350,1473
1351,1474
1352,1475
1353,1476
1354,1477
1355,1478
1356,1479
1357,1480
1358,1481
1359,1482
1360,1483
1361,1484
1362,1485
1363,1486
1364,1487
1365,1488
1366,1489
1367,1490
1368,1491
1369,1492
1370,1493
1371,1494
1372,1495
1373,1496
1374,1497
1375,1498
1376,1499
1377,1500
1378,1502
1379,1503
1380,1504
1381,1505
1382,1506
1383,1507
1384,1508
1385,1509
1386,1510
1387,1511
1388,1512
1389,1513
1390,1514
1391,1515
1392,1516
1393,1517
1394,1518
1395,1519
1396,1520
1397,1521
1398,1522
1399,1523
1400,1524
1401,1525
1402,1526
1403,1527
1404,1528
1405,1529
1406,1530
1407,1531
1408,1532
1409,1533
1410,1536
1411,1537
1412,1541
1413,1542
1414,1543
1415,1544
1416,1545
1417,1546
1418,1547
1419,1548
1420,1549
1421,1550
1422,1551
1423,1553
1424,1554
1425,1555
1426,1556
1427,1560
1428,1561
1429,1564
1430,1565
1431,1566
1432,1567
1433,1568
1434,1569
1435,1570
1436,1571
1437,1572
1438,1574
1439,1577
1440,1578
1441,1579
1442,1580
1443,1581
1444,1585
1445,1586
1446,1587
1447,1588
1448,1589
1449,1590
1450,1591
1451,1592
1452,1594
1453,1595
1454,1596
1455,1597
1456,1599
1457,1600
1458,1601
1459,1602
1460,1603
1461,1604
1462,1605
1463,1606
1464,1607
1465,1608
1466,1609
1467,1610
1468,1612
1469,1613
1470,1614
1471,1615
1472,1616
1473,1619
1474,1620
1475,1621
1476,1622
1477,1623
1478,1625
1479,1626
1480,1627
1481,1628
1482,1629
1483,1630
1484,1631
1485,1632
1486,1633
1487,1634
1488,1635
1489,1636
1490,1637
1491,1638
1492,1639
1493,1640
1494,1641
1495,1642
1496,1643
1497,1644
1498,1645
1499,1646
1500,1647
1501,1648
1502,1649
1503,1650
1504,1651
1505,1652
1506,1653
1507,1654
1508,1655
1509,1656
1510,1657
1511,1658
1512,1659
1513,1667
1514,1668
1515,1669
1516,1670
1517,1671
1518,1672
1519,1675
1520,1676
1521,1677
1522,1678
1523,1679
1524,1683
1525,1689
1526,1690
1527,1693
1528,1694
1529,1697
1530,1698
1531,1699
1532,1700
1533,1701
1534,1703
1535,1705
1536,1708
1537,1709
1538,1710
1539,1711
1540,1721
1541,1722
1542,1723
1543,1724
1544,1725
1545,1732
1546,1733
1547,1748
1548,1779
1549,1782
1550,1813
1551,1814
1552,1816
1553,1820
1554,1826
1555,1829
1556,1831
1557,1834
1558,1835
1559,1836
1560,1839
1561,1840
1562,1842
1563,1849
1564,1852
1565,1853
1566,1854
1567,1855
1568,1857
1569,1858
1570,1859
1571,1860
1572,1861
1573,1863
1574,1864
1575,1865
1576,1866
1577,1867
1578,1868
1579,1869
1580,1870
1581,1871
1582,1872
1583,1875
1584,1877
1585,1880
1586,1881
1587,1882
1588,1884
1589,1885
1590,1894
1591,1898
1592,1899
1593,1901
1594,1911
1595,1914
1596,1915
1597,1916
1598,1918
1599,1921
1600,1924
1601,1925
1602,1929
1603,1931
1604,1932
1605,1933
1606,1934
1607,1935
1608,1940
1609,1941
1610,1953
1611,1955
1612,1956
1613,1962
1614,1963
1615,1964
1616,1965
1617,1966
1618,1967
1619,1968
1620,1969
1621,1971
1622,1972
1623,1973
1624,1974
1625,1975
1626,1976
1627,1977
1628,1978
1629,1982
1630,1983
1631,1984
1632,1985
1633,1986
1634,1987
1635,1988
1636,1989
1637,1994
1638,1995
1639,1996
1640,1997
1641,1998
1642,2000
1643,2003
1644,2004
1645,2006
1646,2007
1647,2014
1648,2019
1649,2021
1650,2022
1651,2025
1652,2026
1653,2030
1654,2031
1655,2033
1656,2038
1657,2039
1658,2042
1659,2048
1660,2050
1661,2054
1662,2055
1663,2056
1664,2057
1665,2058
1666,2059
1667,2061
1668,2062
1669,2067
1670,2068
1671,2069
1672,2070
1673,2071
1674,2072
1675,2073
1676,2074
1677,2076
1678,2078
1679,2079
1680,2080
1681,2081
1682,2082
1683,2083
1684,2084
1685,2085
1686,2086
1687,2087
1688,2088
1689,2089
1690,2090
1691,2091
1692,2092
1693,2093
1694,2094
1695,2096
1696,2098
1697,2099
1698,2102
1699,2104
1700,2105
1701,2106
1702,2107
1703,2108
1704,2112
1705,2113
1706,2114
1707,2116
1708,2119
1709,2120
1710,2121
1711,2122
1712,2123
1713,2124
1714,2128
1715,2130
1716,2131
1717,2133
1718,2134
1719,2138
1720,2139
1721,2140
1722,2141
1723,2142
1724,2144
1725,2145
1726,2147
1727,2149
1728,2150
1729,2151
1730,2152
1731,2154
1732,2155
1733,2156
1734,2157
1735,2158
1736,2159
1737,2160
1738,2161
1739,2162
1740,2163
1741,2164
1742,2165
1743,2167
1744,2168
1745,2169
1746,2170
1747,2171
1748,2172
1749,2173
1750,2175
1751,2177
1752,2178
1753,2179
1754,2180
1755,2183
1756,2184
1757,2185
1758,2186
1759,2187
1760,2188
1761,2189
1762,2190
1763,2191
1764,2192
1765,2193
1766,2194
1767,2195
1768,2196
1769,2197
1770,2198
1771,2199
1772,2202
1773,2203
1774,2205
1775,2206
1776,2207
1777,2208
1778,2209
1779,2210
1780,2211
1781,2212
1782,2213
1783,2214
1784,2215
1785,2216
1786,2218
1787,2219
1788,2220
1789,2221
1790,2222
1791,2223
1792,2224
1793,2226
1794,2227
1795,2229
1796,2231
1797,2232
1798,2233
1799,2234
1800,2235
1801,2236
1802,2237
1803,2238
1804,2241
1805,2242
1806,2243
1807,2244
1808,2245
1809,2246
1810,2248
1811,2250
1812,2251
1813,2252
1814,2253
1815,2254
1816,2255
1817,2256
1818,2257
1819,2258
1820,2259
1821,2261
1822,2262
1823,2263
1824,2265
1825,2266
1826,2267
1827,2268
1828,2269
1829,2270
1830,2271
1831,2272
1832,2274
1833,2275
1834,2276
1835,2283
1836,2284
1837,2285
1838,2286
1839,2287
1840,2288
1841,2289
1842,2290
1843,2291
1844,2292
1845,2293
1846,2294
1847,2295
1848,2296
1849,2297
1850,2298
1851,2299
1852,2301
1853,2302
1854,2304
1855,2305
1856,2306
1857,2308
1858,2309
1859,2310
1860,2311
1861,2312
1862,2313
1863,2314
1864,2315
1865,2316
1866,2317
1867,2319
1868,2320
1869,2321
1870,2323
1871,2324
1872,2325
1873,2326
1874,2327
1875,2328
1876,2330
1877,2331
1878,2332
1879,2333
1880,2334
1881,2335
1882,2336
1883,2337
1884,2338
1885,2339
1886,2340
1887,2342
1888,2343
1889,2344
1890,2345
1891,2346
1892,2347
1893,2348
1894,2350
1895,2351
1896,2352
1897,2353
1898,2354
1899,2355
1900,2356
1901,2357
1902,2358
1903,2359
1904,2360
1905,2361
1906,2362
1907,2364
1908,2366
1909,2369
1910,2373
1911,2375
1912,2377
1913,2378
1914,2381
1915,2382
1916,2383
1917,2384
1918,2385
1919,2386
1920,2387
1921,2388
1922,2389
1923,2390
1924,2395
1925,2396
1926,2397
1927,2398
1928,2399
1929,2400
1930,2401
1931,2402
1932,2403
1933,2406
1934,2407
1935,2408
1936,2409
1937,2410
1938,2411
1939,2414
1940,2416
1941,2417
1942,2419
1943,2421
1944,2422
1945,2423
1946,2424
1947,2425
1948,2426
1949,2427
1950,2428
1951,2429
1952,2430
1953,2431
1954,2434
1955,2435
1956,2436
1957,2441
1958,2442
1959,2443
1960,2446
1961,2448
1962,2453
1963,2454
1964,2455
1965,2456
1966,2457
1967,2458
1968,2459
1969,2460
1970,2461
1971,2463
1972,2464
1973,2467
1974,2468
1975,2471
1976,2472
1977,2476
1978,2481
1979,2482
1980,2484
1981,2488
1982,2489
1983,2490
1984,2499
1985,2500
1986,2501
1987,2504
1988,2509
1989,2513
1990,2518
1991,2519
1992,2522
1993,2524
1994,2532
1995,2533
1996,2534
1997,2537
1998,2542
1999,2545
2000,2550
2001,2557
2002,2561
2003,2570
2004,2805
2005,2806
2006,2807
2007,2809
2008,2810
2009,2811
2010,2812
2011,2813
2012,2814
2013,2815
2014,2816
2015,2817
2016,2818
2017,2819
2018,2820
2019,2821
2020,2822
2021,2823
2022,2826
2023,2827
2024,2828
2025,2829
2026,2830
2027,2831
2028,2832
2029,2833
2030,2834
2031,2835
2032,2836
2033,2837
2034,2839
2035,2840
2036,2841
2037,2842
2038,2843
2039,2844
2040,2845
2041,2846
2042,2847
2043,2848
2044,2849
2045,2850
2046,2851
2047,2852
2048,2853
2049,2854
2050,2855
2051,2860
2052,2861
2053,2866
2054,2867
2055,2869
2056,2870
2057,2871
2058,2872
2059,2873
2060,2874
2061,2875
2062,2876
2063,2877
2064,2878
2065,2879
2066,2880
2067,2881
2068,2882
2069,2885
2070,2886
2071,2887
2072,2890
2073,2892
2074,2893
2075,2896
2076,2897
2077,2906
2078,2913
2079,2914
2080,2933
2081,2934
2082,2935
2083,2936
2084,2937
2085,2938
2086,2939
2087,2940
2088,2941
2089,2942
2090,2945
2091,2946
2092,2954
2093,2955
2094,2956
2095,2959
2096,2960
2097,2961
2098,2962
2099,2963
2100,2964
2101,2965
2102,2966
2103,2967
2104,2968
2105,2969
2106,2970
2107,2971
2108,2972
2109,2973
2110,2974
2111,2975
2112,2976
2113,2977
2114,2978
2115,2979
2116,2980
2117,2981
2118,2982
2119,2983
2120,2984
2121,2985
2122,2986
2123,2987
2124,2988
2125,2989
2126,2990
2127,2991
2128,2992
2129,2993
2130,2994
2131,2995
2132,2996
2133,2997
2134,2998
2135,2999
2136,3000
2137,3001
2138,3002
2139,3003
2140,3004
2141,3005
2142,3006
2143,3007
2144,3008
2145,3009
2146,3010
2147,3011
2148,3012
2149,3013
2150,3014
2151,3015
2152,3016
2153,3017
2154,3018
2155,3019
2156,3020
2157,3021
2158,3022
2159,3023
2160,3024
2161,3025
2162,3026
2163,3027
2164,3028
2165,3029
2166,3030
2167,3031
2168,3032
2169,3033
2170,3034
2171,3035
2172,3036
2173,3037
2174,3038
2175,3039
2176,3040
2177,3041
2178,3042
2179,3043
2180,3044
2181,3045
2182,3046
2183,3047
2184,3048
2185,3049
2186,3050
2187,3051
2188,3054
2189,3056
2190,3057
2191,3058
2192,3062
2193,3063
2194,3064
2195,3065
2196,3067
2197,3068
2198,3069
2199,3070
2200,3071
2201,3072
2202,3074
2203,3075
2204,3082
2205,3090
2206,3091
2207,3093
2208,3094
2209,3095
2210,3096
2211,3098
2212,3099
2213,3100
2214,3101
2215,3102
2216,3103
2217,3104
2218,3105
2219,3106
2220,3107
2221,3108
2222,3109
2223,3110
2224,3111
2225,3112
2226,3113
2227,3114
2228,3115
2229,3116
2230,3117
2231,3118
2232,3119
2233,3120
2234,3122
2235,3123
2236,3124
2237,3125
2238,3126
2239,3127
2240,3128
2241,3129
2242,3130
2243,3131
2244,3132
2245,3133
2246,3134
2247,3135
2248,3136
2249,3137
2250,3138
2251,3139
2252,3140
2253,3141
2254,3142
2255,3143
2256,3144
2257,3145
2258,3146
2259,3148
2260,3149
2261,3150
2262,3151
2263,3152
2264,3153
2265,3154
2266,3155
2267,3156
2268,3157
2269,3158
2270,3159
2271,3160
2272,3161
2273,3162
2274,3163
2275,3164
2276,3165
2277,3166
2278,3169
2279,3170
2280,3171
2281,3172
2282,3173
2283,3174
2284,3175
2285,3176
2286,3177
2287,3178
2288,3180
2289,3181
2290,3226
2291,3227
2292,3234
2293,3240
2294,3241
2295,3242
2296,3243
2297,3244
2298,3245
2299,3246
2300,3247
2301,3248
2302,3249
2303,3250
2304,3251
2305,3252
2306,3253
2307,3254
2308,3255
2309,3256
2310,3257
2311,3258
2312,3259
2313,3260
2314,3261
2315,3262
2316,3263
2317,3264
2318,3265
2319,3266
2320,3267
2321,3268
2322,3269
2323,3270
2324,3271
2325,3272
2326,3273
2327,3274
2328,3275
2329,3276
2330,3277
2331,3278
2332,3279
2333,3280
2334,3281
2335,3283
2336,3284
2337,3285
2338,3286
2339,3287
2340,3289
2341,3290
2342,3291
2343,3292
2344,3293
2345,3294
2346,3295
2347,3296
2348,3297
2349,3298
2350,3299
2351,3300
2352,3301
2353,3302
2354,3303
2355,3304
2356,3305
2357,3306
2358,3307
2359,3308
2360,3309
2361,3310
2362,3312
2363,3313
2364,3314
2365,3315
2366,3316
2367,3317
2368,3318
2369,3319
2370,3320
2371,3321
2372,3322
2373,3323
2374,3324
2375,3325
2376,3326
2377,3327
2378,3328
2379,3329
2380,3330
2381,3332
2382,3333
2383,3334
2384,3335
2385,3336
2386,3337
2387,3338
2388,3339
2389,3340
2390,3341
2391,3342
2392,3343
2393,3344
2394,3348
2395,3349
2396,3350
2397,3351
2398,3352
2399,3353
2400,3354
2401,3355
2402,3356
2403,3357
2404,3358
2405,3359
2406,3360
2407,3361
2408,3362
2409,3363
2410,3364
2411,3365
2412,3366
2413,3367
2414,3368
2415,3369
2416,3370
2417,3371
2418,3372
2419,3373
2420,3374
2421,3375
2422,3376
2423,3377
2424,3378
2425,3379
2426,3380
2427,3381
2428,3382
2429,3383
2430,3384
2431,3385
2432,3386
2433,3387
2434,3388
2435,3389
2436,3390
2437,3391
2438,3392
2439,3393
2440,3394
2441,3395
2442,3396
2443,3397
2444,3398
2445,3399
2446,3400
2447,3401
2448,3402
2449,3403
2450,3404
2451,3405
2452,3406
2453,3407
2454,3408
2455,3409
2456,3410
2457,3411
2458,3412
2459,3413
2460,3414
2461,3415
2462,3416
2463,3417
2464,3418
2465,3419
2466,3420
2467,3421
2468,3422
2469,3423
2470,3424
2471,3425
2472,3426
2473,3427
2474,3428
2475,3429
2476,3430
2477,3431
2478,3432
2479,3433
2480,3434
2481,3435
2482,3438
2483,3440
2484,3441
2485,3444
2486,3445
2487,3446
2488,3447
2489,3448
2490,3449
2491,3450
2492,3451
2493,3452
2494,3453
2495,3454
2496,3456
2497,3458
2498,3459
2499,3460
2500,3463
2501,3465
2502,3466
2503,3467
2504,3468
2505,3469
2506,3470
2507,3471
2508,3474
2509,3475
2510,3502
2511,3503
2512,3504
2513,3515
2514,3516
2515,3517
2516,3518
2517,3519
2518,3520
2519,3521
2520,3522
2521,3523
2522,3524
2523,3525
2524,3526
2525,3527
2526,3528
2527,3529
2528,3530
2529,3531
2530,3532
2531,3533
2532,3534
2533,3535
2534,3536
2535,3537
2536,3538
2537,3539
2538,3542
2539,3543
2540,3544
2541,3545
2542,3546
2543,3547
2544,3550
2545,3559
2546,3560
2547,3561
2548,3562
2549,3563
2550,3564
2551,3565
2552,3566
2553,3567
2554,3568
2555,3569
2556,3570
2557,3571
2558,3572
2559,3573
2560,3574
2561,3575
2562,3576
2563,3577
2564,3578
2565,3579
2566,3580
2567,3581
2568,3582
2569,3583
2570,3584
2571,3585
2572,3586
2573,3587
2574,3588
2575,3589
2576,3590
2577,3591
2578,3592
2579,3593
2580,3594
2581,3595
2582,3596
2583,3597
2584,3598
2585,3599
2586,3600
2587,3601
2588,3602
2589,3603
2590,3604
2591,3605
2592,3606
2593,3607
2594,3608
2595,3609
2596,3610
2597,3611
2598,3612
2599,3613
2600,3614
2601,3618
2602,3619
2603,3620
2604,3621
2605,3622
2606,3623
2607,3624
2608,3625
2609,3626
2610,3627
2611,3628
2612,3629
2613,3630
2614,3631
2615,3632
2616,3633
2617,3634
2618,3635
2619,3636
2620,3637
2621,3638
2622,3639
2623,3640
2624,3641
2625,3642
2626,3643
2627,3644
2628,3645
2629,3646
2630,3647
2631,3648
2632,3649
2633,3650
2634,3651
2635,3652
2636,3653
2637,3655
2638,3657
2639,3658
2640,3660
2641,3661
2642,3662
2643,3663
2644,3664
2645,3665
2646,3666
2647,3667
2648,3668
2649,3669
2650,3670
2651,3671
2652,3672
2653,3673
2654,3674
2655,3675
2656,3676
2657,3677
2658,3678
2659,3679
2660,3680
2661,3681
2662,3682
2663,3683
2664,3684
2665,3685
2666,3686
2667,3687
2668,3688
2669,3689
2670,3694
2671,3695
2672,3696
2673,3697
2674,3698
2675,3699
2676,3700
2677,3701
2678,3702
2679,3703
2680,3704
2681,3705
2682,3706
2683,3707
2684,3708
2685,3709
2686,3710
2687,3711
2688,3712
2689,3713
2690,3714
2691,3715
2692,3719
2693,3720
2694,3721
2695,3722
2696,3723
2697,3724
2698,3725
2699,3726
2700,3727
2701,3728
2702,3729
2703,3730
2704,3731
2705,3732
2706,3733
2707,3734
2708,3735
2709,3736
2710,3737
2711,3738
2712,3739
2713,3740
2714,3741
2715,3746
2716,3747
2717,3748
2718,3749
2719,3750
2720,3751
2721,3752
2722,3753
2723,3754
2724,3755
2725,3756
2726,3757
2727,3758
2728,3759
2729,3760
2730,3761
2731,3762
2732,3763
2733,3764
2734,3765
2735,3766
2736,3767
2737,3769
2738,3770
2739,3771
2740,3772
2741,3773
2742,3774
2743,3775
2744,3776
2745,3777
2746,3778
2747,3779
2748,3780
2749,3781
2750,3782
2751,3783
2752,3784
2753,3785
2754,3786
2755,3787
2756,3789
2757,3790
2758,3791
2759,3792
2760,3793
2761,3794
2762,3795
2763,3796
2764,3797
2765,3798
2766,3799
2767,3800
2768,3801
2769,3802
2770,3803
2771,3804
2772,3805
2773,3806
2774,3807
2775,3808
2776,3809
2777,3810
2778,3811
2779,3812
2780,3813
2781,3814
2782,3815
2783,3816
2784,3817
2785,3818
2786,3819
2787,3820
2788,3821
2789,3822
2790,3823
2791,3824
2792,3825
2793,3826
2794,3827
2795,3828
2796,3829
2797,3830
2798,3831
2799,3832
2800,3833
2801,3834
2802,3835
2803,3836
2804,3837
2805,3838
2806,3839
2807,3840
2808,3841
2809,3842
2810,3843
2811,3844
2812,3845
2813,3847
2814,3848
2815,3849
2816,3850
2817,3851
2818,3852
2819,3853
2820,3854
2821,3855
2822,3856
2823,3857
2824,3858
2825,3859
2826,3860
2827,3861
2828,3862
2829,3887
2830,3888
2831,3889
2832,3890
2833,3891
2834,3892
2835,3893
2836,3894
2837,3895
2838,3897
2839,3898
2840,3899
2841,3900
2842,3903
2843,3908
2844,3909
2845,3910
2846,3911
2847,3912
2848,3913
2849,3914
2850,3915
2851,3916
2852,3917
2853,3918
2854,3919
2855,3920
2856,3921
2857,3922
2858,3923
2859,3924
2860,3925
2861,3926
2862,3929
2863,3930
2864,3931
2865,3932
2866,3933
2867,3934
2868,3935
2869,3936
2870,3937
2871,3938
2872,3939
2873,3940
2874,3941
2875,3942
2876,3943
2877,3944
2878,3945
2879,3946
2880,3947
2881,3948
2882,3949
2883,3950
2884,3951
2885,3952
2886,3953
2887,3954
2888,3955
2889,3956
2890,3957
2891,3958
2892,3959
2893,3960
2894,3961
2895,3962
2896,3963
2897,3964
2898,3965
2899,3966
2900,3967
2901,3968
2902,3969
2903,3971
2904,3972
2905,3973
2906,3974
2907,3975
2908,3976
2909,3977
2910,3978
2911,3993
2912,3994
2913,3995
2914,4000
2915,4001
2916,4002
2917,4004
2918,4005
2919,4006
2920,4010
2921,4011
2922,4012
2923,4013
2924,4014
2925,4015
2926,4016
2927,4017
2928,4021
2929,4022
2930,4028
2931,4029
2932,4030
2933,4031
2934,4032
2935,4033
2936,4034
2937,4035
2938,4036
2939,4047
2940,4052
2941,4059
2942,4060
2943,4061
2944,4063
2945,4064
2946,4065
2947,4066
2948,4070
2949,4071
2950,4072
2951,4073
2952,4076
2953,4077
2954,4078
2955,4079
2956,4084
2957,4095
2958,4096
2959,4097
2960,4098
2961,4099
2962,4105
2963,4106
2964,4112
2965,4115
2966,4120
2967,4121
2968,4122
2969,4123
2970,4124
2971,4125
2972,4126
2973,4127
2974,4145
2975,4146
2976,4151
2977,4153
2978,4166
2979,4167
2980,4168
2981,4169
2982,4170
2983,4171
2984,4172
2985,4173
2986,4174
2987,4175
2988,4176
2989,4177
2990,4178
2991,4179
2992,4180
2993,4181
2994,4182
2995,4185
2996,4190
2997,4191
2998,4192
2999,4193
3000,4194
3001,4195
3002,4196
3003,4199
3004,4202
3005,4203
3006,4204
3007,4231
3008,4232
3009,4233
3010,4234
3011,4235
3012,4236
3013,4237
3014,4238
3015,4239
3016,4240
3017,4241
3018,4242
3019,4243
3020,4244
3021,4245
3022,4246
3023,4247
3024,4248
3025,4249
3026,4250
3027,4251
3028,4253
3029,4254
3030,4259
3031,4261
3032,4274
3033,4276
3034,4278
3035,4279
3036,4321
3037,4327
3038,4328
3039,4329
3040,4330
3041,4331
3042,4334
3043,4335
3044,4336
3045,4337
3046,4338
3047,4339
3048,4340
3049,4341
3050,4342
3051,4343
3052,4344
3053,4345
3054,4346
3055,4347
3056,4349
3057,4350
3058,4351
3059,4352
3060,4353
3061,4354
3062,4355
3063,4356
3064,4357
3065,4358
3066,4359
3067,4360
3068,4370
3069,4375
3070,4376
3071,4377
3072,4378
3073,4379
3074,4381
3075,4382
3076,4388
3077,4407
3078,4408
3079,4409
3080,4410
3081,4411
3082,4412
3083,4413
3084,4414
3085,4415
3086,4416
3087,4417
3088,4418
3089,4419
3090,4420
3091,4421
3092,4426
3093,4427
3094,4428
3095,4429
3096,4430
3097,4431
3098,4435
3099,4436
3100,4438
3101,4439
3102,4442
3103,4446
3104,4447
3105,4448
3106,4449
3107,4450
3108,4451
3109,4452
3110,4453
3111,4454
3112,4455
3113,4456
3114,4459
3115,4461
3116,4462
3117,4463
3118,4464
3119,4465
3120,4466
3121,4467
3122,4468
3123,4474
3124,4475
3125,4476
3126,4477
3127,4478
3128,4479
3129,4480
3130,4481
3131,4499
3132,4500
3133,4501
3134,4502
3135,4503
3136,4504
3137,4505
3138,4506
3139,4507
3140,4508
3141,4513
3142,4515
3143,4516
3144,4519
3145,4520
3146,4521
3147,4522
3148,4523
3149,4524
3150,4525
3151,4527
3152,4528
3153,4529
3154,4530
3155,4531
3156,4532
3157,4533
3158,4534
3159,4535
3160,4536
3161,4537
3162,4543
3163,4545
3164,4546
3165,4547
3166,4548
3167,4549
3168,4550
3169,4551
3170,4553
3171,4556
3172,4557
3173,4558
3174,4559
3175,4560
3176,4561
3177,4562
3178,4564
3179,4565
3180,4572
3181,4573
3182,4574
3183,4575
3184,4576
3185,4577
3186,4578
3187,4579
3188,4580
3189,4598
3190,4599
3191,4600
3192,4604
3193,4605
3194,4608
3195,4609
3196,4610
3197,4611
3198,4612
3199,4613
3200,4614
3201,4615
3202,4616
3203,4617
3204,4618
3205,4619
3206,4620
3207,4621
3208,4622
3209,4623
3210,4624
3211,4625
3212,4626
3213,4627
3214,4628
3215,4629
3216,4630
3217,4631
3218,4632
3219,4633
3220,4634
3221,4635
3222,4636
3223,4639
3224,4640
3225,4641
3226,4642
3227,4643
3228,4644
3229,4645
3230,4646
3231,4647
3232,4648
3233,4650
3234,4664
3235,4666
3236,4667
3237,4668
3238,4669
3239,4670
3240,4671
3241,4673
3242,4674
3243,4677
3244,4678
3245,4679
3246,4682
3247,4683
3248,4684
3249,4686
3250,4687
3251,4688
3252,4689
3253,4692
3254,4693
3255,4695
3256,4697
3257,4699
3258,4700
3259,4701
3260,4704
3261,4705
3262,4706
3263,4707
3264,4708
3265,4709
3266,4712
3267,4713
3268,4714
3269,4716
3270,4718
3271,4719
3272,4720
3273,4723
3274,4726
3275,4727
3276,4728
3277,4729
3278,4734
3279,4735
3280,4736
3281,4737
3282,4738
3283,4739
3284,4740
3285,4741
3286,4743
3287,4744
3288,4745
3289,4746
3290,4747
3291,4748
3292,4753
3293,4754
3294,4755
3295,4756
3296,4757
3297,4758
3298,4759
3299,4760
3300,4761
3301,4765
3302,4766
3303,4768
3304,4769
3305,4770
3306,4771
3307,4772
3308,4774
3309,4775
3310,4776
3311,4777
3312,4778
3313,4779
3314,4780
3315,4781
3316,4782
3317,4783
3318,4784
3319,4785
3320,4786
3321,4787
3322,4788
3323,4789
3324,4790
3325,4791
3326,4792
3327,4793
3328,4794
3329,4795
3330,4796
3331,4797
3332,4799
3333,4800
3334,4804
3335,4806
3336,4811
3337,4812
3338,4817
3339,4818
3340,4821
3341,4822
3342,4823
3343,4824
3344,4826
3345,4827
3346,4828
3347,4830
3348,4831
3349,4832
3350,4833
3351,4834
3352,4835
3353,4836
3354,4837
3355,4838
3356,4839
3357,4840
3358,4841
3359,4842
3360,4843
3361,4844
3362,4845
3363,4846
3364,4847
3365,4848
3366,4849
3367,4850
3368,4851
3369,4852
3370,4853
3371,4854
3372,4855
3373,4856
3374,4857
3375,4858
3376,4859
3377,4861
3378,4863
3379,4864
3380,4866
3381,4874
3382,4875
3383,4877
3384,4878
3385,4879
3386,4880
3387,4881
3388,4882
3389,4883
3390,4884
3391,4886
3392,4887
3393,4888
3394,4889
3395,4891
3396,4892
3397,4893
3398,4894
3399,4895
3400,4897
3401,4898
3402,4899
3403,4900
3404,4901
3405,4902
3406,4903
3407,4904
3408,4905
3409,4906
3410,4907
3411,4909
3412,4910
3413,4911
3414,4912
3415,4913
3416,4914
3417,4915
3418,4916
3419,4917
3420,4918
3421,4919
3422,4920
3423,4927
3424,4928
3425,4931
3426,4933
3427,4934
3428,4935
3429,4936
3430,4937
3431,4938
3432,4940
3433,4941
3434,4942
3435,4943
3436,4944
3437,4945
3438,4946
3439,4947
3440,4948
3441,4949
3442,4950
3443,4952
3444,4957
3445,4958
3446,4959
3447,4960
3448,4961
3449,4962
3450,4963
3451,4964
3452,4965
3453,4966
3454,4967
3455,4968
3456,4969
3457,4970
3458,4977
3459,4978
3460,4979
3461,4980
3462,4981
3463,4982
3464,4983
3465,4984
3466,4985
3467,4986
3468,4987
3469,4988
3470,4989
3471,4990
3472,4991
3473,4992
3474,4993
3475,4994
3476,4995
3477,4996
3478,4997
3479,4998
3480,4999
3481,5000
3482,5001
3483,5002
3484,5003
3485,5004
3486,5005
3487,5006
3488,5007
3489,5008
3490,5009
3491,5010
3492,5011
3493,5012
3494,5013
3495,5014
3496,5015
3497,5016
3498,5017
3499,5018
3500,5019
3501,5020
3502,5021
3503,5022
3504,5023
3505,5024
3506,5025
3507,5026
3508,5027
3509,5028
3510,5029
3511,5030
3512,5031
3513,5032
3514,5033
3515,5034
3516,5035
3517,5036
3518,5037
3519,5038
3520,5039
3521,5040
3522,5041
3523,5042
3524,5043
3525,5044
3526,5045
3527,5046
3528,5047
3529,5048
3530,5049
3531,5050
3532,5051
3533,5052
3534,5053
3535,5054
3536,5055
3537,5056
3538,5057
3539,5058
3540,5059
3541,5060
3542,5061
3543,5062
3544,5063
3545,5064
3546,5065
3547,5066
3548,5067
3549,5068
3550,5069
3551,5070
3552,5071
3553,5072
3554,5073
3555,5074
3556,5075
3557,5076
3558,5077
3559,5078
3560,5079
3561,5080
3562,5081
3563,5082
3564,5083
3565,5084
3566,5085
3567,5086
3568,5087
3569,5088
3570,5089
3571,5090
3572,5091
3573,5092
3574,5093
3575,5097
3576,5098
3577,5099
3578,5100
3579,5101
3580,5102
3581,5103
3582,5104
3583,5105
3584,5106
3585,5107
3586,5108
3587,5109
3588,5110
3589,5111
3590,5112
3591,5113
3592,5114
3593,5115
3594,5116
3595,5117
3596,5118
3597,5119
3598,5120
3599,5121
3600,5122
3601,5123
3602,5124
3603,5125
3604,5126
3605,5127
3606,5128
3607,5129
3608,5130
3609,5131
3610,5132
3611,5139
3612,5143
3613,5145
3614,5146
3615,5147
3616,5148
3617,5149
3618,5150
3619,5151
3620,5157
3621,5158
3622,5159
3623,5162
3624,5163
3625,5165
3626,5171
3627,5172
3628,5173
3629,5174
3630,5175
3631,5176
3632,5177
3633,5178
3634,5179
3635,5180
3636,5181
3637,5182
3638,5183
3639,5184
3640,5185
3641,5186
3642,5187
3643,5188
3644,5189
3645,5190
3646,5191
3647,5192
3648,5193
3649,5194
3650,5195
3651,5196
3652,5197
3653,5198
3654,5199
3655,5200
3656,5201
3657,5202
3658,5203
3659,5204
3660,5205
3661,5206
3662,5207
3663,5208
3664,5209
3665,5210
3666,5211
3667,5212
3668,5213
3669,5214
3670,5215
3671,5216
3672,5217
3673,5218
3674,5219
3675,5220
3676,5221
3677,5222
3678,5223
3679,5224
3680,5225
3681,5226
3682,5227
3683,5228
3684,5229
3685,5230
3686,5231
3687,5233
3688,5234
3689,5235
3690,5236
3691,5237
3692,5242
3693,5243
3694,5244
3695,5245
3696,5246
3697,5247
3698,5248
3699,5249
3700,5251
3701,5252
3702,5253
3703,5254
3704,5255
3705,5256
3706,5257
3707,5263
3708,5264
3709,5265
3710,5266
3711,5267
3712,5268
3713,5269
3714,5270
3715,5271
3716,5272
3717,5273
3718,5274
3719,5275
3720,5276
3721,5277
3722,5278
3723,5279
3724,5280
3725,5281
3726,5282
3727,5283
3728,5284
3729,5285
3730,5286
3731,5287
3732,5288
3733,5289
3734,5290
3735,5291
3736,5292
3737,5293
3738,5294
3739,5295
3740,5296
3741,5297
3742,5301
3743,5306
3744,5320
3745,5321
3746,5322
3747,5323
3748,5324
3749,5325
3750,5326
3751,5327
3752,5331
3753,5332
3754,5333
3755,5335
3756,5341
3757,5342
3758,5343
3759,5344
3760,5345
3761,5346
3762,5347
3763,5356
3764,5357
3765,5358
3766,5359
3767,5360
3768,5378
3769,5379
3770,5380
3771,5381
3772,5382
3773,5394
3774,5395
3775,5401
3776,5403
3777,5404
3778,5407
3779,5412
3780,5413
3781,5421
3782,5422
3783,5423
3784,5424
3785,5425
3786,5427
3787,5428
3788,5429
3789,5430
3790,5431
3791,5432
3792,5433
3793,5434
3794,5435
3795,5436
3796,5437
3797,5438
3798,5439
3799,5440
3800,5441
3801,5442
3802,5443
3803,5444
3804,5445
3805,5446
3806,5447
3807,5448
3808,5449
3809,5450
3810,5451
3811,5452
3812,5453
3813,5454
3814,5455
3815,5456
3816,5457
3817,5458
3818,5459
